&ATOM  
 Z  =   14
 ZV =    4
 XC = 1100        .666667
 TYPE = NORMCONSERVING BHS
&END   
&INFO  
    ============================================================
    |    SILICON SGS PSEUDOPOTENTIAL                           |
    ============================================================
&END  
&POTENTIAL  
    BHS
              1.6044    2.1600    -.6044     .8600
              2.4000      -31282.6024110        2983.6977885
              2.6700       26617.4914282        7527.6581048
              3.3200        4675.4694159         990.3036149
              1.2400        -155.8017597          14.6381056
              1.6100         -42.6981036         105.5506976
              2.1000         204.1303372          39.1133062
              1.6200      222147.9767050      -12666.2228072
              1.8300     1534219.1518494     -150932.7179793
              1.9400    -1756363.2193335      -76255.3608935
&END  
&WAVEFUNCTION 
       251      1.049999881
        .7142857E-03        .1359000E-03        .1875733E-06
        .7499999E-03        .1426950E-03        .2067995E-06
        .7874999E-03        .1498298E-03        .2279964E-06
        .8268749E-03        .1573212E-03        .2513660E-06
        .8682186E-03        .1651873E-03        .2771311E-06
        .9116295E-03        .1734467E-03        .3055371E-06
        .9572109E-03        .1821190E-03        .3368547E-06
        .1005071E-02        .1912249E-03        .3713823E-06
        .1055325E-02        .2007862E-03        .4094490E-06
        .1108091E-02        .2108255E-03        .4514176E-06
        .1163496E-02        .2213668E-03        .4976880E-06
        .1221670E-02        .2324352E-03        .5487011E-06
        .1282754E-02        .2440570E-03        .6049430E-06
        .1346891E-02        .2562599E-03        .6669497E-06
        .1414236E-02        .2690729E-03        .7353121E-06
        .1484948E-02        .2825266E-03        .8106817E-06
        .1559195E-02        .2966530E-03        .8937767E-06
        .1637155E-02        .3114857E-03        .9853889E-06
        .1719012E-02        .3270601E-03        .1086391E-05
        .1804963E-02        .3434133E-03        .1197747E-05
        .1895211E-02        .3605841E-03        .1320516E-05
        .1989971E-02        .3786135E-03        .1455869E-05
        .2089470E-02        .3975443E-03        .1605095E-05
        .2193943E-02        .4174218E-03        .1769618E-05
        .2303640E-02        .4382932E-03        .1951004E-05
        .2418822E-02        .4602082E-03        .2150982E-05
        .2539763E-02        .4832190E-03        .2371457E-05
        .2666751E-02        .5073804E-03        .2614532E-05
        .2800089E-02        .5327499E-03        .2882522E-05
        .2940093E-02        .5593880E-03        .3177980E-05
        .3087097E-02        .5873582E-03        .3503723E-05
        .3241452E-02        .6167269E-03        .3862855E-05
        .3403525E-02        .6475642E-03        .4258797E-05
        .3573701E-02        .6799436E-03        .4695324E-05
        .3752386E-02        .7139421E-03        .5176595E-05
        .3940005E-02        .7496407E-03        .5707195E-05
        .4137005E-02        .7871246E-03        .6292182E-05
        .4343855E-02        .8264828E-03        .6937130E-05
        .4561047E-02        .8678094E-03        .7648185E-05
        .4789099E-02        .9112026E-03        .8432123E-05
        .5028554E-02        .9567660E-03        .9296415E-05
        .5279982E-02        .1004608E-02        .1024930E-04
        .5543980E-02        .1054843E-02        .1129985E-04
        .5821179E-02        .1107590E-02        .1245808E-04
        .6112238E-02        .1162975E-02        .1373503E-04
        .6417849E-02        .1221131E-02        .1514286E-04
        .6738742E-02        .1282195E-02        .1669500E-04
        .7075678E-02        .1346314E-02        .1840623E-04
        .7429462E-02        .1413640E-02        .2029285E-04
        .7800935E-02        .1484334E-02        .2237286E-04
        .8190981E-02        .1558565E-02        .2466606E-04
        .8600530E-02        .1636510E-02        .2719431E-04
        .9030556E-02        .1718354E-02        .2998171E-04
        .9482083E-02        .1804294E-02        .3305480E-04
        .9956187E-02        .1894534E-02        .3644289E-04
        .1045400E-01        .1989290E-02        .4017824E-04
        .1097670E-01        .2088788E-02        .4429645E-04
        .1152553E-01        .2193267E-02        .4883677E-04
        .1210181E-01        .2302976E-02        .5384246E-04
        .1270689E-01        .2418178E-02        .5936121E-04
        .1334224E-01        .2539148E-02        .6544561E-04
        .1400935E-01        .2666176E-02        .7215364E-04
        .1470982E-01        .2799567E-02        .7954920E-04
        .1544531E-01        .2939640E-02        .8770277E-04
        .1621757E-01        .3086732E-02        .9669204E-04
        .1702845E-01        .3241196E-02        .1066026E-03
        .1787987E-01        .3403403E-02        .1175290E-03
        .1877386E-01        .3573743E-02        .1295752E-03
        .1971256E-01        .3752628E-02        .1428561E-03
        .2069818E-01        .3940487E-02        .1574981E-03
        .2173309E-01        .4137776E-02        .1736408E-03
        .2281975E-01        .4344971E-02        .1914378E-03
        .2396073E-01        .4562574E-02        .2110589E-03
        .2515877E-01        .4791114E-02        .2326908E-03
        .2641670E-01        .5031144E-02        .2565396E-03
        .2773754E-01        .5283252E-02        .2828325E-03
        .2912441E-01        .5548051E-02        .3118200E-03
        .3058063E-01        .5826191E-02        .3437779E-03
        .3210966E-01        .6118354E-02        .3790109E-03
        .3371514E-01        .6425259E-02        .4178542E-03
        .3540090E-01        .6747666E-02        .4606778E-03
        .3717094E-01        .7086374E-02        .5078895E-03
        .3902949E-01        .7442225E-02        .5599387E-03
        .4098096E-01        .7816111E-02        .6173208E-03
        .4303001E-01        .8208971E-02        .6805822E-03
        .4518151E-01        .8621798E-02        .7503247E-03
        .4744058E-01        .9055642E-02        .8272122E-03
        .4981261E-01        .9511612E-02        .9119762E-03
        .5230323E-01        .9990883E-02        .1005423E-02
        .5491839E-01        .1049470E-01        .1108441E-02
        .5766431E-01        .1102438E-01        .1222011E-02
        .6054752E-01        .1158133E-01        .1347212E-02
        .6357490E-01        .1216702E-01        .1485234E-02
        .6675364E-01        .1278305E-01        .1637388E-02
        .7009132E-01        .1343108E-01        .1805121E-02
        .7359588E-01        .1411293E-01        .1990025E-02
        .7727567E-01        .1483048E-01        .2193855E-02
        .8113945E-01        .1558580E-01        .2418546E-02
        .8519642E-01        .1638105E-01        .2666229E-02
        .8945623E-01        .1721859E-01        .2939252E-02
        .9392904E-01        .1810092E-01        .3240202E-02
        .9862549E-01        .1903074E-01        .3571930E-02
        .1035568E+00        .2001096E-01        .3937575E-02
        .1087346E+00        .2104473E-01        .4340595E-02
        .1141713E+00        .2213543E-01        .4784798E-02
        .1198799E+00        .2328674E-01        .5274379E-02
        .1258739E+00        .2450264E-01        .5813954E-02
        .1321676E+00        .2578749E-01        .6408607E-02
        .1387759E+00        .2714601E-01        .7063935E-02
        .1457147E+00        .2858338E-01        .7786095E-02
        .1530004E+00        .3010528E-01        .8581864E-02
        .1606505E+00        .3171793E-01        .9458696E-02
        .1686830E+00        .3342820E-01        .1042479E-01
        .1771171E+00        .3524364E-01        .1148916E-01
        .1859730E+00        .3717264E-01        .1266171E-01
        .1952716E+00        .3922449E-01        .1395334E-01
        .2050352E+00        .4140951E-01        .1537599E-01
        .2152869E+00        .4373921E-01        .1694280E-01
        .2260513E+00        .4622644E-01        .1866817E-01
        .2373538E+00        .4888558E-01        .2056790E-01
        .2492215E+00        .5173277E-01        .2265930E-01
        .2616825E+00        .5478614E-01        .2496135E-01
        .2747667E+00        .5806611E-01        .2749478E-01
        .2885050E+00        .6159572E-01        .3028229E-01
        .3029302E+00        .6540098E-01        .3334865E-01
        .3180767E+00        .6951135E-01        .3672088E-01
        .3339805E+00        .7396017E-01        .4042840E-01
        .3506795E+00        .7878524E-01        .4450320E-01
        .3682135E+00        .8402945E-01        .4898001E-01
        .3866242E+00        .8974146E-01        .5389640E-01
        .4059554E+00        .9597647E-01        .5929298E-01
        .4262531E+00        .1027970E+00        .6521342E-01
        .4475657E+00        .1102740E+00        .7170458E-01
        .4699440E+00        .1184875E+00        .7881649E-01
        .4934412E+00        .1275275E+00        .8660229E-01
        .5181132E+00        .1374952E+00        .9511808E-01
        .5440188E+00        .1485032E+00        .1044226E+00
        .5712198E+00        .1606763E+00        .1145768E+00
        .5997807E+00        .1741508E+00        .1256432E+00
        .6297697E+00        .1890741E+00        .1376849E+00
        .6612582E+00        .2056021E+00        .1507643E+00
        .6943211E+00        .2238954E+00        .1649418E+00
        .7290371E+00        .2441134E+00        .1802732E+00
        .7654889E+00        .2664049E+00        .1968076E+00
        .8037633E+00        .2908958E+00        .2145838E+00
        .8439514E+00        .3176720E+00        .2336267E+00
        .8861490E+00        .3467581E+00        .2539428E+00
        .9304564E+00        .3780931E+00        .2755148E+00
        .9769792E+00        .4115029E+00        .2982958E+00
        .1025828E+01        .4466745E+00        .3222032E+00
        .1077119E+01        .4831351E+00        .3471119E+00
        .1130975E+01        .5202436E+00        .3728483E+00
        .1187524E+01        .5571984E+00        .3991847E+00
        .1246900E+01        .5930685E+00        .4258359E+00
        .1309245E+01        .6268462E+00        .4524575E+00
        .1374707E+01        .6575180E+00        .4786492E+00
        .1443443E+01        .6841424E+00        .5039622E+00
        .1515615E+01        .7059199E+00        .5279126E+00
        .1591395E+01        .7222411E+00        .5500002E+00
        .1670965E+01        .7327064E+00        .5697334E+00
        .1754513E+01        .7371178E+00        .5866556E+00
        .1842239E+01        .7354534E+00        .6003718E+00
        .1934351E+01        .7278363E+00        .6105711E+00
        .2031068E+01        .7145105E+00        .6170401E+00
        .2132621E+01        .6958241E+00        .6196673E+00
        .2239252E+01        .6722189E+00        .6184367E+00
        .2351215E+01        .6442204E+00        .6134149E+00
        .2468776E+01        .6124240E+00        .6047349E+00
        .2592214E+01        .5774778E+00        .5925817E+00
        .2721825E+01        .5400630E+00        .5771815E+00
        .2857916E+01        .5008738E+00        .5587943E+00
        .3000812E+01        .4606004E+00        .5377105E+00
        .3150852E+01        .4199108E+00        .5142465E+00
        .3308394E+01        .3794364E+00        .4887418E+00
        .3473814E+01        .3397583E+00        .4615529E+00
        .3647505E+01        .3013961E+00        .4330479E+00
        .3829880E+01        .2647993E+00        .4036012E+00
        .4021373E+01        .2303404E+00        .3735861E+00
        .4222442E+01        .1983113E+00        .3433690E+00
        .4433564E+01        .1689222E+00        .3133031E+00
        .4655242E+01        .1423027E+00        .2837227E+00
        .4888004E+01        .1185058E+00        .2549372E+00
        .5132404E+01        .9751405E-01        .2272261E+00
        .5389023E+01        .7924728E-01        .2008342E+00
        .5658474E+01        .6357229E-01        .1759677E+00
        .5941398E+01        .5031323E-01        .1527913E+00
        .6238467E+01        .3926266E-01        .1314265E+00
        .6550391E+01        .3019260E-01        .1119510E+00
        .6877910E+01        .2286505E-01        .9439943E-01
        .7221805E+01        .1704157E-01        .7876573E-01
        .7582895E+01        .1249149E-01        .6500631E-01
        .7962039E+01        .8998582E-02        .5304463E-01
        .8360141E+01        .6365928E-02        .4277654E-01
        .8778147E+01        .4419110E-02        .3407622E-01
        .9217054E+01        .3007699E-02        .2680241E-01
        .9677907E+01        .2005318E-02        .2080456E-01
        .1016180E+02        .1308535E-02        .1592875E-01
        .1066989E+02        .8348797E-03        .1202284E-01
        .1120339E+02        .5203063E-03        .8941010E-02
        .1176355E+02        .3163932E-03        .6547219E-02
        .1235173E+02        .1875160E-03        .4717799E-02
        .1296932E+02        .1081867E-03        .3343014E-02
        .1361778E+02        .6068563E-04        .2327760E-02
        .1429867E+02        .3305164E-04        .1591492E-02
        .1501360E+02        .1745339E-04        .1067529E-02
        .1576428E+02        .8922655E-05        .7019143E-03
        .1655250E+02        .4409045E-05        .4519733E-03
        .1738012E+02        .2102319E-05        .2847316E-03
        .1824913E+02        .9655620E-06        .1753056E-03
        .1916158E+02        .4263509E-06        .1053678E-03
        .2011966E+02        .1806302E-06        .6175302E-04
        .2112564E+02        .7327033E-07        .3524541E-04
        .2218192E+02        .2839296E-07        .1956422E-04
        .2329102E+02        .1048547E-07        .1054699E-04
        .2445557E+02        .3681455E-08        .5513864E-05
        .2567834E+02        .1224050E-08        .2791035E-05
        .2696226E+02        .3830968E-09        .1365644E-05
        .2831037E+02        .0000000E+00        .6447852E-06
        .2972589E+02        .0000000E+00        .2932174E-06
        .3121218E+02        .0000000E+00        .1281803E-06
        .3277279E+02        .0000000E+00        .5373443E-07
        .3441143E+02        .0000000E+00        .2153856E-07
        .3613200E+02        .0000000E+00        .0000000E+00
        .3793860E+02        .0000000E+00        .0000000E+00
        .3983552E+02        .0000000E+00        .0000000E+00
        .4182730E+02        .0000000E+00        .0000000E+00
        .4391866E+02        .0000000E+00        .0000000E+00
        .4611459E+02        .0000000E+00        .0000000E+00
        .4842032E+02        .0000000E+00        .0000000E+00
        .5084133E+02        .0000000E+00        .0000000E+00
        .5338340E+02        .0000000E+00        .0000000E+00
        .5605256E+02        .0000000E+00        .0000000E+00
        .5885519E+02        .0000000E+00        .0000000E+00
        .6179795E+02        .0000000E+00        .0000000E+00
        .6488784E+02        .0000000E+00        .0000000E+00
        .6813223E+02        .0000000E+00        .0000000E+00
        .7153884E+02        .0000000E+00        .0000000E+00
        .7511578E+02        .0000000E+00        .0000000E+00
        .7887156E+02        .0000000E+00        .0000000E+00
        .8281514E+02        .0000000E+00        .0000000E+00
        .8695589E+02        .0000000E+00        .0000000E+00
        .9130368E+02        .0000000E+00        .0000000E+00
        .9586886E+02        .0000000E+00        .0000000E+00
        .1006623E+03        .0000000E+00        .0000000E+00
        .1056954E+03        .0000000E+00        .0000000E+00
        .1109802E+03        .0000000E+00        .0000000E+00
        .1165292E+03        .0000000E+00        .0000000E+00
        .1223556E+03        .0000000E+00        .0000000E+00
        .1284734E+03        .0000000E+00        .0000000E+00
        .1348971E+03        .0000000E+00        .0000000E+00
        .1416419E+03        .0000000E+00        .0000000E+00
&END  
